version https://git-lfs.github.com/spec/v1
oid sha256:35ed39de350018ad920844b3244c791ba944bb88879ed64d5aaef879ec1e75b5
size 9564457
